xMin   :  5.0687997E+005 
xMax   :  5.1721766E+005 
yMin   :  4.1568515E+006 
yMax   :  4.1719716E+006 
deltaX :  3.5647206E+002 
deltaY :  7.5600696E+002 
digits :  8 
